32 255 64 64 64 64 64 64 64 64 64 64 64 64 64 64 64 64 64 64 64 64 64 64 64 64 64 64 64 64 64 64 64 64 64 64 64 64 64 64 64 64 64 64 64 64 64 64 64 64 64 64 64 64 64 64 64 64 64 64 64 64 64 64 64 64 64 64 64 64 64 64 64 64 64 64 64 64 64 64 64 64 64 64 64 64 64 64 64 64 64 64 64 64 64 64 64 64 64 64 64 64 64 64 64 64 64 64 64 64 64 64 64 64 64 64 64 64 64 64 64 64 64 64 64 64 64 64 64 64 64 64 64 64 64 64 64 64 64 64 64 64 64 64 64 64 64 64 64 64 64 64 64 64 64 64 64 64 64 64 80 80 80 80 80 80 80 80 80 80 80 80 80 80 80 80 80 80 80 80 80 80 80 80 80 80 80 80 80 80 80 80 80 80 80 80 80 80 80 80 80 80 80 80 80 80 80 80 80 80 80 80 80 80 80 80 80 80 80 80 80 80 80 80 80 80 80 80 80 80 80 80 80 80 80 80 80 80 80 80 80 80 80 80 80 80 80 80 80 80 80 80 80 80 80 80 80 80 80 80 80 80 80 80 80 80 80 80 80 80 80 80 80 80 80 80 80 80 80 80 80 80 80 80 80 80 80 80 80 80 80 80 80 80 80 80 80 80 80 80 80 80 80 80 80 80 80 80 80 80 80 80 80 80 80 80 80 80 80 32
12 64
64 64
64 64
64 64
64 64
64 64
64 64
64 64
64 255 64
64 64
64 64
64 64
64 64
64 64
64 64
64 64
64 64
64 64
64 64
64 64
64 64
64 64
64 64
64 64
64 64
64 64
64 64
64 64
64 64
64 64
64 64
64 64
64 64
64 64
64 64
64 64
64 64
64 64
64 64
64 64
64 64
64 64
64 64
64 64
64 64
64 64
64 64
64 64
64 64
64 64
64 64
64 64
64 64
64 64
64 64
64 64
64 64
64 64
64 64
64 64
64 64
64 64
64 64
64 64
64 64
64 64
64 64
64 64
64 64
64 64
64 64
64 64
64 64
64 64
64 64
64 64
64 64
64 64
64 64
64 64
64 64
64 64
64 64
64 64
64 64
64 64
64 64
64 64
64 64
64 64
64 64
64 64
64 64
64 64
64 64
64 64
64 64
64 64
64 64
80 80
80 80
80 80
80 80
80 80
80 80
80 80
80 80
80 80
80 80
80 80
80 80
80 80
80 80
80 80
80 80
80 80
80 80
80 80
80 80
80 80
80 80
80 80
80 80
80 80
80 80
80 80
80 80
80 80
80 80
80 80
80 80
80 80
80 80
80 80
80 80
80 80
80 80
80 80
80 80
80 80
80 80
80 80
80 80
80 80
80 80
80 80
80 80
80 80
80 80
80 80
80 80
80 80
80 80
80 80
80 80
80 80
80 80
80 80
80 80
80 80
80 80
80 80
80 80
80 80
80 80
80 80
80 80
80 80
80 80
80 80
80 80
80 80
80 80
80 80
80 80
80 80
80 80
80 80
80 80
80 80
80 80
80 80
80 80
80 80
80 80
80 80
80 80
80 80
80 80
80 80
80 80
80 80
80 80
80 80
80 80
80 80
80 80
80 80
32 64 64 64 64 64 64 64 64 64 64 64 64 64 64 64 64 64 64 64 64 64 64 64 64 64 64 64 64 64 64 64 64 64 64 64 64 64 64 64 64 64 64 64 64 64 64 64 64 64 64 64 64 64 64 64 64 64 64 64 64 64 64 64 64 64 64 64 64 64 64 64 64 64 64 64 64 64 64 64 64 64 64 64 64 64 64 64 64 64 64 64 64 64 64 64 64 64 64 64 64 64 64 64 64 64 64 64 64 64 64 64 64 64 64 64 64 64 64 64 64 64 64 64 64 64 64 64 64 64 64 64 64 64 64 64 64 64 64 64 64 64 64 64 64 64 64 64 64 64 64 64 64 64 64 64 64 64 64 64 80 80 80 80 80 80 80 80 80 80 80 80 80 80 80 80 80 80 80 80 80 80 80 80 80 80 80 80 80 80 80 80 80 80 80 80 80 80 80 80 80 80 80 80 80 80 80 80 80 80 80 80 80 80 80 80 80 80 80 80 80 80 80 80 80 80 80 80 80 80 80 80 80 80 80 80 80 80 80 80 80 80 80 80 80 80 80 80 80 80 80 80 80 80 80 80 80 80 80 80 80 80 80 80 80 80 80 80 80 80 80 80 80 80 80 80 80 80 80 80 80 80 80 80 80 80 80 80 80 80 80 80 80 80 80 80 80 80 80 80 80 80 80 80 80 80 80 80 80 80 80 80 80 80 80 80 80 80 80 32
