47
804
476
564
229
497
437
235
494
139
688
719
43
189
794
308
69
963
341
904
381
22
886
730
488
424
795
980
265
876
595
742
476
72
62
502
827
501
2
313
570
622
44
726
800
912
659
751
648
804
804
759
330
800
654
300
866
123
374
818
242
868
971
432
26
933
452
239
463
329
532
336
195
265
987
814
532
979
573
217
426
115
110
497
34
35
254
192
794
637
862
251
835
649
584
177
471
575
146
30
685
535
724
761
751
299
787
813
992
386
84
129
674
8
430
9
321
127
175
633
916
89
765
753
747
41
482
755
107
803
450
563
985
812
332
590
914
491
155
788
557
925
115
785
177
377
606
253
400
121
958
669
670
694
323
306
624
59
714
338
632
270
156
323
409
669
807
300
981
201
829
735
821
951
6
817
916
756
30
169
327
172
604
702
398
905
488
428
460
495
407
25
91
561
764
751
735
183
520
205
258
675
727
462
64
700
600
609
7
424
238
400
623
833
395
115
43
346
167
124
233
401
966
867
897
158
988
279
137
596
934
856
1
579
72
259
515
221
405
498
161
676
417
710
312
19
26
79
812
280
548
239
729
552
453
617
219
35
617
540
314
367
478
349
70
495
677
403
767
718
178
935
73
627
440
524
827
850
275
291
122
541
702
52
51
366
762
920
922
734
246
207
320
4
835
938
29
201
727
978
68
244
235
759
271
447
781
425
4
979
669
735
790
474
528
45
527
95
903
538
13
848
18
526
58
473
891
292
319
733
851
635
888
944
659
95
468
474
641
428
10
591
332
375
792
340
774
369
936
769
313
730
393
797
111
160
18
619
356
305
0
772
298
398
810
285
693
602
664
548
982
166
399
113
556
413
218
944
658
766
916
681
153
775
530
551
37
416
951
737
804
228
255
238
247
572
286
534
407
964
704
494
703
968
583
475
896
891
421
798
227
266
97
686
538
952
465
638
534
856
427
678
564
673
808
758
690
120
191
905
572
388
231
14
700
251
189
574
771
248
832
304
581
663
513
768
780
760
244
696
128
942
626
32
45
720
237
681
527
842
918
281
608
859
964
127
519
688
879
621
357
609
259
426
660
230
755
841
934
941
786
304
597
427
987
956
880
981
357
54
405
285
93
840
990
310
637
403
777
753
803
606
469
403
940
146
950
96
8
683
622
317
998
223
800
284
263
152
809
641
245
671
933
236
291
916
930
933
999
68
809
811
172
637
389
541
641
6
501
452
577
529
804
558
639
569
681
274
729
75
419
806
607
162
421
583
292
869
566
620
15
959
552
790
804
132
229
488
709
469
201
306
309
194
650
924
823
526
874
271
896
605
890
71
87
430
172
742
864
295
5
88
938
403
710
187
429
806
196
323
619
204
709
45
680
553
313
133
105
594
3
164
653
609
393
207
900
252
534
346
328
149
356
177
943
817
557
601
203
519
719
813
9
460
18
489
959
247
435
711
631
639
660
429
946
170
144
557
233
968
883
698
608
813
859
738
930
192
929
24
300
881
921
250
101
307
52
525
193
325
700
363
927
685
151
631
549
197
827
588
0
868
118
926
689
561
407
897
63
849
15
770
332
409
7
677
64
127
842
735
458
331
765
488
543
609
242
529
824
475
38
427
760
594
807
686
952
945
143
131
180
876
699
193
338
152
164
677
253
853
679
616
974
304
442
299
490
601
629
657
804
535
389
424
626
773
974
319
912
400
330
366
440
296
832
651
542
202
247
134
44
4
954
20
613
566
396
170
9
793
791
595
572
214
719
712
386
738
890
690
741
996
158
331
881
509
657
981
931
835
919
373
242
43
262
255
106
651
11
156
66
786
864
211
944
648
586
219
734
626
641
529
593
176
172
903
317
160
678
184
941
340
703
927
812
724
696
591
207
645
177
230
58
331
845
280
193
353
812
365
547
237
119
989
874
601
185
731
592
944
551
322
352
723
520
411
457
444
488
29
845
668
103
800
363
439
22
218
549
384
447
996
97
994
400
388
178
654
431
267
933
408
536
503
88
88
732
335
763
846
116
201
362
997
500
242
951
863
121
325
471
871
496
145
705
578
857
157
690
349
375
641
241
897
990
757
362
44
796
264
829
202
427
262
982
336
852
507
596
29
777
198
485
407
537
16
866
899
867
29
96
619
141
98
946
236
121
188
61
856
610
163
744
353
857
554
626
605
162
480
717
159
809
1000
532
992
500
786
598
511
182
867
129
230
978
472
834
402
888
176
780
437
537
986
101
444
778
765
945
101
974
631
838
672
410
30
979
90
581
929
